((("monokai" .
   [0 0 0 0 1 0 0])
  ("load" .
   [1 0 0 0])
  ("int" .
   [0 0 2])
  ("unsigned" .
   [0 0 0 0 0 0 0 2])
  ("swap" .
   [2 0 0 0])
  ("min" .
   [11 0 0])
  ("heap" .
   [29 0 0 0])
  ("i" .
   [1])
  ("node" .
   [2 0 0 0])
  ("treepath" .
   [2 0 0 0 0 0 1 0])
  ("value" .
   [1 0 0 0 0])
  ("str" .
   [5 0 0])
  ("math" .
   [0 0 0 1])
  ("include" .
   [0 0 0 0 1 1 5])
  ("malloc" .
   [4 0 0 0 1 0])
  ("stdio" .
   [1 0 0 1 1])
  ("h" .
   [2])
  ("ass" .
   [0 0 2])
  ("in" .
   [3 0])
  ("main" .
   [2 0 0 2])
  ("std" .
   [2 0 0])
  ("asm" .
   [0 0 1])
  ("ama" .
   [1 0 0])
  ("root" .
   [5 0 0 0])
  ("printf" .
   [18 0 0 0 1 1])
  ("bin" .
   [2 0 0])
  ("ind" .
   [8 0 0])
  ("size" .
   [30 0 0 0])
  ("right" .
   [8 0 0 0 1])
  ("left" .
   [15 0 0 0])
  ("city" .
   [17 0 0 0])
  ("capi" .
   [8 0 0 0])
  ("price" .
   [3 0 0 0 0])
  ("sizeof" .
   [0 0 0 0 1 2])
  ("scanf" .
   [5 0 1 0 0])
  ("cost_map" .
   [0 0 0 0 0 0 0 1])
  ("cost_each" .
   [1 0 0 0 2 0 1 0 5])
  ("calloc" .
   [4 0 0 0 0 0])
  ("capi_idx" .
   [3 0 0 0 2 0 0 5])
  ("capi_flag" .
   [3 0 0 0 0 0 1 1 2])
  ("arr" .
   [3 0 0])
  ("store" .
   [18 0 0 0 0])
  ("tree" .
   [10 0 0 0])
  ("tree_nodes" .
   [2 1 0 1 1 0 1 0 0 2])
  ("t" .
   [3])
  ("when" .
   [3 0 0 0])
  ("the" .
   [8 0 0])
  ("me" .
   [4 0])
  ("some" .
   [1 0 0 0])
  ("leave" .
   [2 0 0 0 0])
  ("rest" .
   [1 0 0 0])
  ("out" .
   [1 0 0])
  ("all" .
   [2 0 0])
  ("don" .
   [1 0 0])
  ("have" .
   [5 0 0 0])
  ("taken" .
   [1 0 0 0 0])
  ("not" .
   [1 0 0])
  ("if" .
   [1 0])
  ("you" .
   [1 0 0])
  ("time" .
   [1 0 0 0])
  ("comes" .
   [1 0 0 0 0])
  ("forget" .
   [1 0 0 0 0 0])
  ("that" .
   [2 0 0 0])
  ("fg" .
   [1 0])
  ("rf" .
   [1 0])
  ("trg" .
   [0 0 4])
  ("else" .
   [0 0 1 0])
  ("d" .
   [1])
  ("aaaaabbbbbbbccccccdddddd" .
   [1 0 0 0 0 0 0 0 0 0 0 0 0 0 0 0 0 0 0 0 0 0 0 0])
  ("prev" .
   [3 0 0 0])
  ("idx_1" .
   [7 0 0 0 0])
  ("heap3" .
   [20 0 0 1 0])
  ("idx_2" .
   [7 0 0 0 0])
  ("size3" .
   [27 0 0 0 0])
  ("done" .
   [11 0 0 0])
  ("size1" .
   [4 0 0 0 0])
  ("size2" .
   [6 0 0 0 0])
  ("extract_min" .
   [1 0 0 0 0 0 0 1 0 0 0])
  ("pair" .
   [8 0 0 0])
  ("extr" .
   [5 0 0 0])
  ("heap2" .
   [17 0 0 0 0])
  ("insertQ" .
   [2 0 0 0 0 0 0])
  ("heap1" .
   [12 0 0 0 0])
  ("id1" .
   [7 0 0])
  ("id2" .
   [9 0 0])
  ("ind1" .
   [5 0 0 0])
  ("ind2" .
   [9 0 0 0])
  ("parent" .
   [2 0 0 0 0 0])
  ("swap2" .
   [2 0 0 0 0])
  ("temp" .
   [1 0 0 0])
  ("extractQ" .
   [1 0 0 0 0 0 0 0])
  ("sum_min" .
   [0 0 0 0 1 0 0])
  ("method3" .
   [1 0 0 0 0 0 0])
  ("inc" .
   [1 0 0])
  ("clock" .
   [2 0 0 0 0])
  ("clock_t" .
   [0 0 0 0 0 0 1])
  ("end" .
   [1 0 0])
  ("start" .
   [1 0 0 0 0])))
